ClientLengthofEstimateLengthofAge     BMI       CycleNumLengthofLengthofLengthofCycle3
nfp802      28      14       5      33        26       4      27      31      27
nfp802      26      15       5      23        25       4      29      30      28
nfp802      27      16       6      39        21       4      26      30      25
nfp803      25      12       6      23        22       4      26      29      29
nfp803      27      13       6      30        22       4      28      27      27
nfp803      28      14       5      31        23       4      30      33      33
nfp803      28      14       5      24        24       4      32      33      34
nfp803      33      21       6      27        19       4      34      33      33
nfp804      30      15       5      24        19       4      29      28      29
nfp804      30      16       5      35        30       4      31      32      30
nfp804      38      21       6      37        29       4      36      27      28
nfp804      25      13       5      32        24       4      29      27      31
nfp804      29      14       7      37        30       4      31      27      30
nfp804      27      15       4      38        27       4      24      24      25
nfp804      27      14       5      32        38       4      27      27      27
nfp805      32      16       6      21        39       4      34      32      32
nfp805      28      14       4      23        20       4      32      30      27
nfp805      25      13       6      34        35       4      30      26      24
nfp805      29      14       7      31        29       4      29      30      29
nfp806      27      14       5      37        20       4      28      27      32
nfp806      31      11       4      32        21       4      29      27      35
nfp806      29      15       8      23        18       4      29      33      27
nfp806      24      11       5      31        26       4      25      27      25
nfp806      29      15       3      38        26       4      26      26      26
nfp806      26      14       5      39        31       4      26      26      25
nfp806      39      25       5      22        24       4      25      27      27
nfp807      36      23       6      26        35       4      33      37      31
nfp807      29      16       4      29        27       4      27      30      35
nfp807      27      14       6      36        50       4      32      30      27
nfp807      40      26       4      29        21       4      32      30      30
nfp807      25      14       4      37        22       4      27      28      26
nfp808      27      19       3      38        38       4      28      29      31
nfp808      29      15       5      33        26       4      27      30      32
nfp808      33      17       5      29        26       4      32      32      48
nfp808      34      26       6      28        20       4      31      31      31
nfp809      26      14       5      26        23       4      26      25      29
nfp809      25      13       2      31        21       4      28      26      28
nfp809      28      13       4      28        35       4      27      25      26
nfp810      30      18       4      36        26       4      27      31      29
nfp810      26      14       7      38        23       4      26      27      25
nfp810      29      15       5      36        29       4      29      26      28
nfp810      24      12              25        28       4      24      27      25
nfp810      24      11       4      26        28       4      25      27      28
nfp810      24      11       4      26        46       4      25      26      28
nfp810      27      14       8      29        29       4      27      23      29
nfp811      29      19       5      30        27       4      26      36      32
nfp811      27      20      10      28        37       4      37      36      24
nfp811      31      16       7      39        28       4      31      34      28
nfp811      28      14       3      27        28       4      28      29      30
nfp812      28      16       5      36        21       4      29      27      29
nfp812      30      18       5      31        20       4      32      28      36
nfp812      37      22       4      36        35       4      32      35      29
nfp812      28      15       6      23        25       4      33      36      30
nfp813      24      11       6      43        32       4      27      23      28
nfp813      36      20       5      36        22       4      33      38      31
nfp813      28      15       8      41        27       4      28      29      27
nfp814      27      18       6      24        19       4      28      27      28
nfp814      54      29       4      22        26       4      33      40      35
nfp814      32      18       6      31        44       4      37      27      28
nfp815      29      17       5      30        26       4      31      32      26
nfp815      29      10       5      40        23       4      26      24      26
nfp815      27      13       5      30        29       4      24      25      29
nfp815      35      19       6      24        37       4      30      31      32
nfp815      38      25       4      33        43       4      30      37      42
nfp816      32      19       5      26        19       4      29      34      31
nfp816      28      14       5      35        30       4      28      30      27
nfp816      26      12       7      30        37       4      32      30      23
nfp816      25      13       5      36        24       4      29      25      24
nfp817      40      26       6      32        27       4      32      40      33
nfp817      31      16       3      35        20       4      33      31      30
nfp817      28      15       4      30        35       4      28      28      27
nfp817      26      16       6      25        21       4      30      32      31
nfp817      27      12       3      36        25       4      26      26      24
nfp817      27      13       6      29        20       4      28      27      28
nfp817      28      14       6      41        21       4      36      28      30
nfp818      28      14       5      40        30       4      28      26      30
nfp818      28      13       6      32        21       4      26      28      28
nfp818      30      17       6      35        19       4      26      27      25
nfp818      31      18       5      34        22       4      31      28      28
            30      15       8      27        23       4      30      30      29
nfp819      33      20       5      29        24       4      38      32      34
nfp819      28      15       5      33        22       4      26      26      26
nfp819      25      11       6      24        21       4      24      25      26
nfp819      27      11       3      33        19       4      26      27      25
nfp819      29      14       7      42        21       4      30      29      23
nfp819      29      15       6      24        20       4      29      26      25
nfp820      28      11       3      40        26       4      27      29      27
            33      17       6      21        23       4      24      28      33
            29      15              34        20       4      30      27      27
nfp821      35      23       8      25        21       4      27      29      29
nfp821      30      17       8      28        27       4      32      28      36
nfp821      36      19       5      27        19       4      35      30      32
nfp821      27      14       6      31        23       4      27      29      30
nfp822      28      16       5      37        22       4      30      29      28
nfp822      29      14       5      30        45       4      28      28      30
nfp822      27      12       5      39        26       4      28      27      28
nfp823      39      20       7      24        21       4      37      40      38
nfp823      29      25       5      28        20       4      30      30      27
nfp823      28      13       4      33        20       4      28      26      27
nfp823      42      24       4      34        20       4      38      32      35
nfp823      29      20       7      40        25       4      25      25      24
nfp823      32      21       4      25        21       4      34      30      23
nfp824      29      13       4      34        23       4      27      26      27
nfp824      26      14       5      21        31       4      25      26      28
nfp824      28      14       7      22        20       4      31      28      28
nfp824      30      15       8      23        23       4      31      30      30
nfp824      33      19       7      22        25       4      29      29      39
nfp825      30      15       4      25        25       4      24      42      33
nfp825      33      17       6      26        22       4      32      35      34
nfp825      28      15       5      28        30       4      29      32      34
nfp826      30      17       5      25        27       4      32      33      31
nfp826      28      18       6      27        22       4      30      31      35
nfp826      28      15       5      32        21       4      28      28      28
nfp826      25      13       5      25        25       4      26      27      28
nfp826      32      18       4      31        22       4      33      34      30
nfp826      31      17       7      36        22       4      33      27      32
nfp827      32      18       2      32        25       4      34      27      30
nfp827      33      10       5      29        22       4      31      26      33
nfp827      28      14       6      23        26       4      28      24      26
nfp827      27      16       6      28        29       4      26      27      23
nfp827      28      14       7      35        24       4      28      28      26
nfp827      26      14       7      40        34       4      30      29      32
nfp828      34      17       5      22        27       4      37      32      37
nfp828      30      18       6      33        21       4      29      37      32
nfp828      27      14       7      33        24       4      26      29      37
nfp828      28      14       8      30        28       4      30      29      28
nfp828      27      12       5      40        22       4      24      29      24
nfp829      28      14       3      33        36       4      40      27      26
nfp829      29      15       6      34        33       4      31      26      28
nfp829      28      14       8      23        32       4      27      31      29
nfp829      32      21       4      40        22       4      31      29      32
nfp829      27      15       6      25        44       4      29      31      30
nfp829      26      12       7      40        24       4      34      48      29
nfp829      25      11       5      35        48       4      26      27      18
nfp830      32      20       6      35        49       4      26      30      28
nfp830      28      20       7      37        40       4      33      32      33
nfp830      27      15       6      26        18       4      31      31      30
nfp830      27      15       4      38        36       4      28      29      28
nfp830      27      18       5      33        31       4      26      25      29
nfp831      25      15       5      32        43       4      25      25      26
nfp831      29      16       5      30        32       4      35      30      37
nfp831      30      17       6      34        18       4      31      29      35
nfp831      33      20       5      43        41       4      32      32      31
nfp831      37      24       5      22        27       4      32      32      36
nfp832      34      20       5      21        39       4      49      42      45
nfp832      26      12       6      31        32       4      29      28      28
nfp832      35       9       7      33        17       4      36      43      26
nfp832      30      16       5      33        32       4      31      29      28
nfp833      28      17       6      26        34       4      29      28      28
